2274657374323422
3234
2274657374363022
3630
227465737431323122
313231
227465737431353022
313530
227465737431353622
313536
227465737431393622
313936
2274657374393822
3938
227465737431313422
313134
22746573743322
33
22746573743722
37
2274657374313022
3130
2274657374343822
3438
2274657374343922
3439
2274657374353122
3531
227465737431323722
313237
227465737431343122
313431
227465737431353222
313532
227465737431353822
313538
2274657374333922
3339
2274657374353622
3536
2274657374363922
3639
227465737431393722
313937
227465737431353122
313531
2274657374313122
3131
2274657374323822
3238
2274657374353222
3532
2274657374363222
3632
2274657374363722
3637
2274657374383022
3830
2274657374353022
3530
2274657374373922
3739
2274657374383222
3832
227465737431363322
313633
227465737431373622
313736
2274657374373622
3736
2274657374383622
3836
2274657374393922
3939
227465737431313822
313138
227465737431343622
313436
227465737431353422
313534
2274657374343122
3431
2274657374383522
3835
227465737431313722
313137
227465737431353922
313539
227465737431393822
313938
227465737431303022
313030
227465737431333522
313335
227465737431363222
313632
227465737431363822
313638
2274657374333522
3335
2274657374363322
3633
2274657374393322
3933
227465737431303422
313034
227465737431353322
313533
2274657374313422
3134
227465737431333122
313331
227465737431333622
313336
227465737431383922
313839
227465737431323622
313236
227465737431373222
313732
2274657374333022
3330
2274657374353522
3535
2274657374353822
3538
2274657374363122
3631
227465737431313022
313130
227465737431323422
313234
227465737431373522
313735
22746573743822
38
2274657374323022
3230
227465737431323222
313232
227465737431323522
313235
227465737431343222
313432
227465737431343522
313435
227465737431333022
313330
227465737431343322
313433
2274657374313222
3132
2274657374313622
3136
2274657374333622
3336
2274657374363822
3638
227465737431303322
313033
227465737431313222
313132
2274657374393122
3931
227465737431343822
313438
227465737431363522
313635
22746573743022
30
2274657374323122
3231
2274657374333822
3338
2274657374343222
3432
2274657374393022
3930
227465737431313922
313139
227465737431373122
313731
227465737431383622
313836
227465737431323922
313239
227465737431363922
313639
2274657374323222
3232
2274657374323322
3233
2274657374323622
3236
2274657374343522
3435
2274657374373822
3738
227465737431313522
313135
227465737431383022
313830
227465737431393322
313933
2274657374313322
3133
2274657374343022
3430
2274657374353322
3533
227465737431303822
313038
227465737431323022
313230
227465737431333322
313333
227465737431333722
313337
227465737431373322
313733
227465737431383222
313832
227465737431383522
313835
22746573743222
32
2274657374343622
3436
2274657374373022
3730
2274657374383422
3834
2274657374383722
3837
227465737431363722
313637
22746573743522
35
2274657374333722
3337
2274657374343422
3434
2274657374353422
3534
227465737431343722
313437
227465737431393522
313935
227465737431383122
313831
227465737431383322
313833
2274657374323922
3239
2274657374333222
3332
2274657374333322
3333
2274657374363522
3635
227465737431323822
313238
227465737431343422
313434
227465737431393222
313932
227465737431363022
313630
227465737431383822
313838
2274657374313822
3138
2274657374313922
3139
2274657374323522
3235
2274657374333422
3334
227465737431303522
313035
227465737431333222
313332
227465737431303122
313031
227465737431373722
313737
2274657374313522
3135
2274657374353922
3539
2274657374373322
3733
2274657374393222
3932
2274657374393622
3936
2274657374393722
3937
22746573743422
34
2274657374323722
3237
227465737431303222
313032
227465737431303922
313039
227465737431343022
313430
227465737431363622
313636
227465737431313322
313133
227465737431353522
313535
227465737431353722
313537
22746573743122
31
2274657374383822
3838
227465737431393422
313934
2274657374363422
3634
2274657374363622
3636
2274657374373122
3731
2274657374373222
3732
227465737431323322
313233
227465737431393122
313931
22746573743922
39
227465737431333822
313338
227465737431373822
313738
227465737431383422
313834
227465737431383722
313837
227465737431393022
313930
2274657374343322
3433
2274657374383322
3833
227465737431313122
313131
227465737431333922
313339
227465737431393922
313939
2274657374373522
3735
2274657374393522
3935
227465737431333422
313334
227465737431343922
313439
227465737431363422
313634
227465737431373922
313739
227465737431313622
313136
227465737431373022
313730
2274657374313722
3137
2274657374333122
3331
2274657374353722
3537
2274657374383122
3831
2274657374383922
3839
227465737431303722
313037
227465737431373422
313734
227465737431363122
313631
22746573743622
36
2274657374343722
3437
2274657374373422
3734
2274657374373722
3737
2274657374393422
3934
227465737431303622
313036
227465737431393922
313939
2274657374373522
3735
2274657374393522
3935
